 0.7055475 
 0.533424 
 0.5795186 
 0.2895625 
 0.301948 
 0.7747401 
 1.401764E-02 
 0.7607236 
 0.81449 
 0.7090379 
 4.535276E-02 
 0.4140327 
 0.8626193 
 0.79048 
 0.3735362 
 0.9619532 
 0.8714458 
 5.623686E-02 
 0.9495566 
 0.3640187 
 0.5248684 
 0.7671117 
 5.350453E-02 
 0.5924582 
 0.4687001 
 0.2981654 
 0.6226967 
 0.6478212 
 0.2637929 
 0.2793421 
 0.8298016 
 0.8246021 
 0.589163 
 0.9860932 
 0.9109643 
 0.226866 
 0.6951155 
 0.9800032 
 0.2439314 
 0.5338731 
 0.1063697 
 0.9994146 
 0.6761759 
 1.570392E-02 
 0.5751838 
 0.1000522 
 0.1030226 
 0.7988844 
 0.2844803 
 4.564917E-02 
 0.2957729 
 0.3820107 
 0.3009705 
 0.9485711 
 0.9798294 
 0.4013743 
 0.27828 
 0.1604415 
 0.1628216 
 0.6465871 
 0.4100732 
 0.4127668 
 0.7127305 
 0.3262062 
 0.6331789 
 0.2075611 
 0.1860135 
 0.583359 
 8.071464E-02 
 0.4579715 
 0.9057298 
 0.2613683 
 0.7852122 
 0.3789026 
 0.289665 
 0.9193771 
 0.6317424 
 0.627642 
 0.4284564 
 9.797382E-02 
 0.5610401 
 0.6944853 
 0.9137176 
 0.8348172 
 0.0226292 
 0.5433606 
 0.916164 
 0.4302611 
 0.6779477 
 0.5024539 
 0.5137375 
 0.46298 
 0.3534727 
 0.4048342 
 0.2697316 
 5.559349E-02 
 0.2438452 
 0.9790779 
 6.091624E-02 
 0.3902915 
 0.3649954 
 0.4898947 
 0.1556631 
 0.4744592 
 0.2572677 
 0.6287519 
 0.5420702 
 0.1563022 
 0.9385452 
 0.6544994 
 0.5060874 
 0.3904715 
 0.1073753 
 0.7839953 
 0.4596408 
 0.7536881 
 0.5960945 
 0.8327302 
 1.875836E-02 
 0.2103686 
 7.395333E-02 
 0.1054527 
 0.3316944 
 0.1282499 
 2.4122E-04 
 0.5367941 
 0.657055 
 0.544014 
 0.8274118 
 8.189356E-02 
 0.1919225 
 0.6789134 
 0.4542078 
 0.3570231 
 0.1499811 
 0.7043958 
 0.928786 
 0.5302125 
 8.964139E-02 
 0.7577293 
 0.4018421 
 0.4618744 
 0.4921656 
 0.2076273 
 0.3297359 
 9.542906E-02 
 0.5897925 
 0.1698735 
 0.9276165 
 9.792984E-02 
 0.4438625 
 0.2729468 
 0.8725469 
 0.7506877 
 0.2729424 
 0.6736467 
 0.2566289 
 8.989656E-02 
 3.095061E-02 
 0.3227177 
 0.7901289 
 0.297258 
 0.2352822 
 0.4804747 
 0.2546019 
 0.3406066 
 4.493386E-02 
 0.4824281 
 0.2060172 
 0.8645345 
 0.5886286 
 0.7549083 
 0.9278831 
 0.3310169 
 0.5429412 
 8.069134E-02 
 0.6343719 
 0.4100367 
 0.9604228 
 0.1146233 
 0.9234452 
 0.6202096 
 0.3477264 
 0.1492457 
 0.4799783 
 0.2194091 
 0.9937313 
 0.1304204 
 2.888578E-02 
 0.3453916 
 0.5476685 
 0.9229546 
 0.5382463 
 0.4064213 
 0.8472455 
 0.8262255 
 0.6724276 
 0.7218951 
 0.9967714 
 0.3398061 
 0.4952113 
 0.4129678 
 0.6952818 
 0.1790893 
 0.4229183 
 0.543177 
 0.8146639 
 0.5409136 
 0.4275333 
 0.5090681 
 0.2277816 
 0.6191876 
 0.4898304 
 0.6808194 
 0.8866001 
 0.3705153 
 0.3024976 
 0.2928668 
 0.1503113 
 0.5298212 
 0.2232618 
 0.5845293 
 0.3634587 
 0.8759747 
 0.4780142 
 0.1906334 
 0.6840623 
 0.7474158 
 0.6139349 
 0.7821387 
 0.1617437 
 0.8077798 
 0.2026183 
 0.9567624 
 6.585103E-02 
 6.152225E-02 
 0.7931976 
 0.3796047 
 0.463584 
 0.119544 
 0.1154701 
 0.1737734 
 4.811889E-02 
 0.7148163 
 0.5330223 
 0.5610093 
 0.2167335 
 0.4680057 
 0.7463548 
 0.7523109 
 0.3989323 
 0.9030988 
 0.7460069 
 8.855951E-02 
 0.6345711 
 0.713028 
 0.0156824 
 0.4311444 
 0.4019826 
 0.2752955 
 0.9853739 
 0.8025874 
 0.6961008 
 0.4175992 
 0.7344882 
 0.2771684 
 0.3565863 
 0.4334571 
 0.944971 
 0.12155 
 0.6459513 
 0.3478327 
 0.1044323 
 0.1854025 
 0.0776847 
 0.4327595 
 0.9592709 
 0.5420293 
 0.4943767 
 0.9729667 
 0.2177998 
 0.3789912 
 0.3958443 
 0.2815034 
 0.5033712 
 0.1387323 
 0.5172558 
 0.9653645 
 0.557501 
 0.9092041 
 0.6572564 
 0.4411147 
 0.6929945 
 6.449115E-02 
 0.7560926 
 0.7005143 
 0.497071 
 0.1554357 
 0.2237375 
 0.326144 
 0.7844886 
 5.026281E-02 
 0.5180159 
 0.7570295 
 0.8006698 
 0.3252054 
 0.972729 
 0.8042672 
 0.6748261 
 0.9051293 
 0.8757797 
 0.4166484 
 0.1230828 
 0.9541579 
 0.7972973 
 0.696285 
 0.4016046 
 0.0162977 
 0.1677628 
 0.1642342 
 0.50972 
 0.4060627 
 0.1061338 
 0.2761233 
 0.6430468 
 0.8491 
 0.4979692 
 0.1877751 
 0.8966166 
 0.3728143 
 0.3235548 
 0.7708328 
 0.2180004 
 0.4469932 
 0.2360278 
 0.8783846 
 0.6104328 
 0.3744322 
 0.3895019 
 0.8605893 
 0.5859379 
 0.9315594 
 0.5171924 
 0.3303008 
 0.8684537 
 0.259061 
 0.2595413 
 0.1786935 
 0.3469571 
 2.50566E-03 
 0.7423421 
 0.8408871 
 0.2785894 
 0.7029701 
 0.4048646 
 0.8115714 
 0.7417807 
 0.4376639 
 7.798058E-02 
 0.4106317 
 0.3393752 
 0.7105542 
 0.3122881 
 0.7987735 
 0.1517562 
 0.5929912 
 0.9562369 
 0.2431479 
 0.9399711 
 0.1143328 
 0.9842532 
 0.6329758 
 0.5988564 
 0.9025697 
 0.5748649 
 0.2451739 
 0.8601624 
 7.495034E-02 
 0.4388264 
 0.759979 
 0.2456788 
 0.3786062 
 0.3972436 
 0.5265732 
 0.2703592 
 0.5811764 
 0.209699 
 7.870889E-02 
 0.8954462 
 0.1114329 
 0.6523767 
 0.9003339 
 0.2315966 
 0.9499055 
 0.8461874 
 0.4412162 
 0.4920062 
 0.7695068 
 0.8348933 
 0.3825693 
 0.1955349 
 0.3261572 
 0.4132331 
 0.1526768 
 0.6198315 
 9.940994E-02 
 0.2050472 
 0.6925178 
 0.5044591 
 0.183076 
 0.9914024 
 0.4713914 
 4.019678E-03 
 0.4258493 
 0.2887173 
 0.7525425 
 0.8912794 
 0.8219315 
 0.1768869 
 0.1087859 
 1.029342E-02 
 0.151657 
 0.3774076 
 0.1881318 
 0.979531 
 0.8721181 
 0.5815027 
 0.7294109 
 0.1450004 
 0.25779 
 2.824694E-02 
 0.827899 
 0.783374 
 0.7911555 
 0.3326915 
 0.4509423 
 0.5551133 
 0.8033303 
 0.5639892 
 0.2035823 
 0.2075936 
 0.364688 
 0.5735195 
 0.3441808 
 0.5282297 
 0.425485 
 0.5730134 
 5.004501E-02 
 0.5476 
 0.2064854 
 0.9626783 
 0.9330523 
 0.9925722 
 0.8395861 
 0.4093233 
 0.8052754 
 0.9894282 
 0.258442 
 0.1744841 
 0.6946075 
 1.698869E-02 
 0.3390907 
 0.6925479 
 0.1103868 
 0.1097385 
 0.2905775 
 0.3988784 
 0.5590222 
 0.3109517 
 0.2955807 
 0.807941 
 0.3096175 
 0.375816 
 0.4010364 
 0.8414276 
 0.4095972 
 0.7245588 
 0.6587633 
 0.4063817 
 0.9503307 
 0.6455709 
 0.5160881 
 0.2233232 
 0.5827582 
 0.7485327 
 0.4564704 
 0.9043737 
 0.2830148 
 0.6675383 
 0.8901273 
 0.2813814 
 0.3680561 
 1.422113E-02 
 0.294659 
 0.984046 
 0.7612829 
 0.5808784 
 0.6056734 
 0.2680438 
 0.5081666 
 0.7935967 
 0.8574113 
 9.315258E-02 
 0.5418735 
 0.4153764 
 7.337105E-02 
 0.4513767 
 0.6988904 
 0.499257 
 0.4069341 
 0.9450722 
 0.9846497 
 0.5914423 
 0.5319897 
 0.6150716 
 8.915353E-02 
 0.1844248 
 0.2835597 
 0.0188089 
 0.1525998 
 0.4201114 
 0.5484239 
 0.5584448 
 0.7810066 
 4.294771E-02 
 0.4057449 
 5.899149E-02 
 0.3118372 
 0.6030437 
 0.5176932 
 0.5964378 
 0.3296254 
 0.9092984 
 0.7700719 
 0.5758739 
 0.4316001 
 0.7325246 
 0.1629421 
 5.961686E-02 
 0.2433107 
 0.7585744 
 0.9512476 
 0.3453351 
 0.6842518 
 0.791464 
 3.544009E-02 
 0.7941735 
 0.4834883 
 0.2064986 
 0.6021041 
 0.9088789 
 0.9452806 
 0.6533973 
 0.0145818 
 0.6619242 
 0.964709 
 9.418428E-03 
 0.9535984 
 7.363421E-02 
 0.2932997 
 0.5824844 
 0.8078867 
 0.0403102 
 5.464864E-02 
 0.5643067 
 0.3148125 
 0.412355 
 0.5100474 
 0.7335107 
 0.4509994 
 0.322398 
 7.410789E-02 
 0.408761 
 0.5729536 
 0.7634202 
 0.5803871 
 0.6518862 
 0.8076893 
 0.416879 
 0.7970126 
 0.7210039 
 0.6933535 
 0.7308336 
 0.192307 
 0.7736461 
 6.985104E-02 
 0.2480696 
 0.9504135 
 0.8198833 
 0.2194694 
 0.1842242 
 0.2369204 
 0.9254505 
 0.2575041 
 0.2559112 
 0.7144864 
 0.6648716 
 0.7728833 
 0.7588459 
 0.3084655 
 0.8245847 
 0.718793 
 0.8959702 
 0.222532 
 0.3560666 
 0.5533022 
 0.3555775 
 0.2043056 
 0.5789587 
 0.6299874 
 0.139438 
 6.097627E-02 
 0.634191 
 0.8385581 
 0.6409231 
 0.4249291 
 0.1871077 
 0.4954816 
 0.973131 
 0.7693698 
 0.3805923 
 0.4846081 
 0.5470114 
 0.6739492 
 3.819197E-02 
 0.6477953 
 0.8994907 
 0.3403885 
 0.1172432 
 0.4255341 
 0.7715965 
 0.3581042 
 0.4119965 
 0.747573 
 0.4365833 
 0.7198331 
 0.5067415 
 0.1735433 
 0.2780572 
 8.725739E-02 
 0.9789316 
 0.2835842 
 0.6181005 
 0.3066294 
 0.8523096 
 0.3189677 
 0.7953973 
 0.174397 
 0.3000323 
 7.272351E-02 
 0.4933584 
 0.4528282 
 0.5977954 
 3.026426E-02 
 0.3182459 
 0.1356363 
 0.3269588 
 0.7600104 
 0.6272987 
 0.9636052 
 0.8276715 
 0.554015 
 0.6068569 
 0.1902137 
 0.9019963 
 0.3185893 
 0.6004875 
 0.5972612 
 0.7670354 
 0.7149271 
 0.6871091 
 0.7604923 
 0.2580549 
 0.5497299 
 0.5091165 
 0.565222 
 0.28161 
 0.4158324 
 0.3505064 
 0.9719605 
 0.5186698 
 0.5828267 
 0.4650019 
 3.203845E-02 
 0.3777427 
 0.137688 
 0.6541777 
 0.1532316 
 0.1980011 
 0.3753992 
 9.558517E-02 
 0.6153862 
 0.7024063 
 0.439576 
 0.420877 
 0.3360438 
 0.700834 
 0.213092 
 4.393274E-02 
 0.8860662 
 4.319853E-02 
 0.4587034 
 0.7389832 
 0.7552605 
 0.8225786 
 0.2096745 
 0.468736 
 0.8680041 
 0.8283419 
 0.4104022 
 0.4625002 
 0.3488698 
 0.2492701 
 0.8070413 
 0.5443113 
 0.5382507 
 0.6266841 
 0.0881294 
 0.7110568 
 0.2579851 
 5.756873E-02 
 0.2752119 
 0.9606002 
 0.3269818 
 0.6476979 
 0.3634671 
 0.369907 
 0.3268447 
 0.2147595 
 0.2123309 
 0.423169 
 0.6174982 
 0.2414808 
 0.6861223 
 0.5899296 
 0.6028118 
 0.0787527 
 4.466784E-02 
 0.153209 
 0.2462256 
 0.3987555 
 0.583927 
 0.2876287 
 0.8363748 
 0.8980834 
 0.5266172 
 0.3875368 
 2.714872E-03 
 0.2508697 
 0.1628383 
 0.6451331 
 0.9811468 
 0.3119118 
 0.2406985 
 0.8785937 
 0.1296418 
 0.569796 
 0.6069382 
 0.6101967 
 0.6938663 
 0.850023 
 9.755623E-02 
 0.3944462 
 0.8228071 
 0.2681322 
 0.6784338 
 0.3961983 
 0.8343964 
 0.4328272 
 0.83596 
 0.2187856 
 0.7311366 
 0.8991007 
 0.217657 
 0.982142 
 0.9657254 
 0.8713595 
 0.5228044 
 0.6509283 
 0.456681 
 0.1565494 
 0.6430649 
 0.6126567 
 0.8539667 
 0.3672802 
 5.310881E-02 
 0.5058158 
 5.461621E-02 
 0.3749508 
 0.4512395 
 0.2979961 
 0.9683585 
 1.287431E-02 
 0.6500179 
 0.6140144 
 0.5332429 
 2.940267E-02 
 0.7168878 
 0.3140393 
 0.9812641 
 0.291052 
 0.364801 
 0.3217157 
 0.353987 
 0.2356276 
 0.592842 
 0.7022901 
 0.2681718 
 0.5753486 
 0.5768529 
 0.9907358 
 0.9313991 
 0.2499732 
 0.810059 
 0.7698775 
 0.4076948 
 0.629924 
 0.493693 
 0.4985164 
 0.1331551 
 0.9694123 
 0.1776208 
 0.5895553 
 0.6815715 
 0.1095635 
 0.6509658 
 0.7381237 
 0.7800558 
 0.4315423 
 8.273447E-02 
 0.4997025 
 0.5746651 
 0.0596773 
 0.4124409 
 0.1182492 
 0.1460268 
 0.3145861 
 0.9907321 
 0.604323 
 0.2749639 
 0.4163005 
 0.4700128 
 6.320935E-02 
 0.4581192 
 0.4373912 
 0.9450706 
 0.2730456 
 0.1735811 
 0.5060932 
 0.343701 
 0.5129455 
 0.3965085 
 0.2594303 
 6.733215E-02 
 0.6411243 
 0.3647552 
 0.5463406 
 0.8816501 
 0.423024 
 0.5944955 
 0.3808011 
 5.722368E-02 
 0.109438 
 0.1458492 
 0.144953 
 0.7601296 
 0.2646363 
 0.1385062 
 4.222625E-02 
 0.6925772 
 0.8444906 
 0.5173516 
 0.8004653 
 0.983534 
 0.5245989 
 6.809115E-02 
 0.6250533 
 0.3293499 
 0.278411 
 0.6828756 
 0.4020378 
 0.3843828 
 0.2053531 
 0.8759263 
 0.1512551 
 0.4016236 
 0.6089531 
 0.5491595 
 0.7294556 
 0.1233207 
 0.3249653 
 7.812262E-03 
 0.7834291 
 0.9216055 
 0.2994958 
 0.2260666 
 0.953129 
 0.1891171 
 0.417127 
 0.362675 
 0.324798 
 0.9796275 
 0.579043 
 0.5265851 
 0.134093 
 0.8986665 
 3.115445E-02 
 0.7925651 
 0.7192096 
 0.2441467 
 0.9422236 
 0.4668283 
 0.7240078 
 0.3969885 
 0.2319892 
 0.6026585 
 0.5511364 
 0.4617451 
 0.6492916 
 0.7660346 
 6.515855E-02 
 0.1572276 
 0.1001976 
 5.125594E-02 
 0.5456762 
 0.9571298 
 0.2261258 
 0.3465672 
 0.8904554 
 0.4806534 
 0.2319711 
 0.8497832 
 6.855148E-02 
 0.1331328 
 0.9642301 
 0.8339143 
 0.8234336 
 0.9966604 
 0.239126 
 0.662791 
 0.62611 
 0.9707111 
 0.4207335 
 5.668926E-02 
 0.8782532 
 0.162768 
 0.2491038 
 0.6079552 
 0.3653244 
 0.5289468 
 0.9183899 
 0.5466304 
 0.9596993 
 0.7646209 
 0.4049709 
 0.7560766 
 0.5737924 
 0.4450468 
 4.557806E-02 
 3.860092E-02 
 0.3631822 
 0.4159886 
 0.3654187 
 0.6310809 
 0.1797366 
 0.4343432 
 0.156302 
 0.9705892 
 0.2747371 
 5.876553E-02 
 0.8047636 
 0.7100189 
 0.2520046 
 0.7902931 
 0.8701907 
 0.9837084 
 0.2710239 
 0.4629713 
 0.912947 
 0.9230664 
 0.5000691 
 0.8844784 
 0.5724979 
 0.4221969 
 0.819328 
 0.7267505 
 0.8955353 
 0.1535242 
 0.7740278 
 0.6666063 
 0.9141026 
 0.8334179 
 0.7775595 
 0.7763726 
 0.4737199 
 0.737818 
 0.5646033 
 0.1645087 
 0.3115087 
 0.4678597 
 0.8942534 
 0.866232 
 0.3843172 
 0.9654987 
 0.5031433 
 0.9841427 
 0.4468451 
 0.7791357 
 0.3085701 
 7.884848E-02 
 0.8797687 
 0.579242 
 0.8616204 
 0.8095902 
 0.7678657 
 0.9239841 
 5.029458E-02 
 0.8248664 
 0.2281407 
 0.2748487 
 5.263227E-02 
 0.9030584 
 0.9879494 
 0.2622681 
 0.5398371 
 0.3430554 
 0.2131246 
 0.2012446 
 0.1294016 
 0.6048793 
 0.5861002 
 0.856976 
 0.0882327 
 0.2003099 
 0.6340368 
 0.4604805 
 0.2857761 
 0.8335098 
 0.3069468 
 0.9742212 
 0.3971416 
 0.7916495 
 0.8058189 
 0.6077321 
 0.3562283 
 0.5855321 
 0.6607433 
 0.5832419 
 5.884904E-02 
 0.8402187 
 5.903703E-02 
 0.1513002 
 0.3158559 
 0.4356531 
 0.4233685 
 0.8564014 
 5.626506E-02 
 0.897287 
 0.2398828 
 5.261064E-02 
 0.7803816 
 0.0367049 
 0.1363264 
 0.669188 
 0.2629248 
 0.842249 
 0.2101725 
 0.2262142 
 0.506153 
 0.6196445 
 0.6067458 
 0.100215 
 0.9429886 
 0.3826243 
 0.3473476 
 3.978658E-02 
 0.8901429 
 0.493554 
 0.4073806 
 0.9312205 
 0.2512414 
 0.5540572 
 4.447442E-02 
 0.8141286 
 0.4699487 
 0.5456403 
 0.3766099 
 0.147068 
 0.7330934 
 0.2203175 
 0.2102445 
 0.3231661 
 0.4237933 
 0.7412356 
 0.1184373 
 0.4357457 
 0.8245799 
 0.5732995 
 0.7689741 
 0.2939498 
 7.052416E-02 
 0.6237968 
 0.502492 
 0.6883669 
 0.3523609 
 0.6330229 
 0.1606048 
 0.9066556 
 0.3696141 
 0.814906 
 0.1640278 
 0.4991698 
 3.372163E-02 
 0.7476321 
 0.8407028 
 0.294584 
 0.4211606 
 0.5142702 
 3.923476E-03 
 0.6655178 
 0.9765722 
 9.339678E-02 
 0.7804597 
 4.416108E-02 
 0.9658865 
 0.9997214 
 0.6886831 
 0.6878991 
 0.1794478 
 0.1747113 
 0.9666918 
 0.6949375 
 0.8851394 
 0.1272167 
 0.1504355 
 0.269927 
 3.150862E-02 
 0.3240954 
 0.9018405 
 0.239589 
 0.7008919 
 0.8308381 
 8.693463E-02 
 0.8183398 
 0.8125398 
 0.2021934 
 0.1039723 
 0.6239164 
 7.574171E-02 
 0.6227926 
 0.4615594 
 0.9430008 
 0.1929514 
 0.2977749 
 0.6067784 
 0.2468455 
 0.3129115 
 9.341228E-02 
 3.313601E-03 
 0.9568982 
 0.7337787 
 0.4277345 
 0.4595755 
 0.460427 
 0.8562488 
 0.4111542 
 0.7068263 
 0.3761454 
 0.3866817 
 0.2370917 
 0.2273048 
 6.983685E-02 
 0.7902264 
 0.8226002 
 0.3323513 
 0.4199805 
 0.9939458 
 0.6989909 
 0.4905327 
 0.8333757 
 0.3399419 
 0.1524576 
 0.9057675 
 0.510767 
 0.7884809 
 0.6147019 
 0.3454507 
 0.9624693 
 0.371118 
 0.3035582 
 0.2185789 
 0.773993 
 0.8938224 
 0.113619 
 0.9038752 
 0.6216686 
 0.8901023 
 0.7568592 
 0.3279143 
 0.5382719 
 0.8241302 
 0.1532618 
 0.7932475 
 0.4286492 
 0.5438675 
 7.144248E-02 
 5.652767E-02 
 0.8353419 
 0.9841897 
 1.927483E-02 
 0.6566342 
 0.954212 
 0.1200113 
 0.3845152 
 0.4927979 
 0.9000664 
 0.1694109 
 0.8254277 
 0.6527265 
 0.2222826 
 4.675621E-02 
 0.9114093 
 0.4907289 
 0.6704335 
 6.582898E-02 
 1.361477E-02 
 0.9558409 
 0.2099121 
 0.89295 
 0.4455818 
 0.1699496 
 0.2875566 
 0.7501041 
 0.8538557 
 0.2559188 
 0.347276 
 0.8680653 
 0.8586148 
 0.4157138 
 0.595674 
 0.1895215 
 0.944295 
 0.2585266 
 1.767516E-02 
 0.3221998 
 0.6002153 
 0.3789006 
 0.642149 
 0.7419912 
 0.7112023 
 0.1848558 
 5.753541E-02 
 0.246076 
 0.1982154 
 0.9760137 
 0.1774697 
 0.6560485 
 0.9089719 
 0.2717226 
 0.2564075 
 0.7710418 
 0.758572 
 0.3891822 
 0.1552496 
 0.5708534 
 0.1201235 
 0.2715686 
 0.8569672 
 0.6690697 
 0.4653672 
 0.5661598 
 0.2322268 
 1.619118E-02 
 0.2553016 
 0.9524601 
 5.501533E-02 
 0.8527574 
 8.080804E-02 
 0.7203255 
 0.2682648 
 0.912472 
 0.0532757 
 0.5980886 
 0.4994776 
 0.8753275 
 0.4452266 
 0.8306833 
 0.8263516 
 7.073087E-02 
 0.5809404 
 0.5077704 
 0.7924049 
 0.4306278 
 0.9770797 
 0.141862 
 0.6726007 
 0.6926281 
 0.7333151 
 0.4964469 
 0.9889729 
 0.8531308 
 0.1729497 
 0.6641155 
 0.2762504 
 0.8704488 
 0.7335445 
 0.3946846 
 9.748244E-02 
 0.6179342 
 0.1075433 
 0.6733227 
 0.3096638 
 8.710307E-02 
 0.632898 
 0.5486749 
 0.5793593 
 0.8407606 
 0.9336928 
 0.2109876 
 0.1483293 
 0.7161261 
 0.8107702 
 0.3202341 
 0.8491542 
 0.7779579 
 0.3823551 
 0.5842391 
 0.3708601 
 0.5216781 
 0.4746805 
 0.5868037 
 0.774543 
 0.3264984 
 0.2626122 
 0.865831 
 0.2589946 
 0.1585442 
 0.1602737 
 0.2414501 
 0.1763265 
 0.5239801 
 0.9616712 
 0.3941422 
 0.297596 
 0.6721346 
 0.2313191 
 0.6928647 
 0.3284304 
 4.862541E-02 
 0.9448642 
 0.2731767 
 0.6746526 
 0.9984843 
 0.3797113 
 0.3653639 
 0.4579055 
 0.7192821 
 0.255648 
 0.8725634 
 0.7812777 
 0.4642536 
 0.1254698 
 0.1988891 
 0.2449276 
 0.9954228 
 1.560485E-02 
 0.3275562 
 0.7117095 
 0.2867276 
 0.3167392 
 0.1490067 
 0.3227975 
 0.4771451 
 0.9244417 
 3.903395E-02 
 0.7633114 
 7.381648E-02 
 0.629789 
 0.6869081 
 0.777941 
 0.4051718 
 0.7599906 
 0.1735006 
 0.9365716 
 0.3240554 
 6.901371E-02 
 0.2994097 
 0.6499088 
 0.1608505 
 0.8782085 
 0.163085 
 0.4351034 
 0.9266044 
 0.4669329 
 0.9889529 
 0.4313767 
 0.7661538 
 0.7131776 
 0.2055412 
 0.1656451 
 0.6612489 
 0.9841911 
 0.7736042 
 0.5681455 
 0.3836793 
 0.2771047 
 0.764248 
 0.23806 
 0.6983988 
 0.6095577 
 0.1870549 
 0.959141 
 0.8166499 
 0.6603221 
 6.820923E-02 
 0.4653363 
 9.908932E-02 
 0.6599275 
 0.7786215 
 0.456414 
 8.912981E-03 
 0.5312866 
 0.6120539 
 0.8635874 
 0.3149807 
 0.2803198 
 0.6132453 
 0.3651402 
 0.5449414 
 0.6365803 
 0.656036 
 0.1520514 
 0.688358 
 0.9438792 
 0.7714928 
 0.9436204 
 0.1498327 
 0.3009104 
 0.7260342 
 0.2530918 
 0.9521315 
 0.9518753 
 0.8495553 
 0.9032805 
 0.1893095 
 0.9271086 
 0.1135526 
 0.7921968 
 0.7298362 
 0.9337026 
 0.4592493 
 0.9086711 
 0.1697196 
 0.4961323 
 0.3757201 
 0.5979795 
 3.563231E-02 
 0.3468806 
 0.7280162 
 7.746816E-02 
 0.2380356 
 6.706321E-02 
 0.8352905 
 0.2021785 
 0.774305 
 0.9770538 
 0.7989224 
 0.4804723 
 0.6818551 
 0.2771086 
 8.064276E-02 
 0.3396568 
 0.2412645 
 0.4379917 
 0.3306592 
 0.6416094 
 0.4294009 
 0.8416003 
 0.4657808 
 0.4484029 
 0.6225459 
 0.671589 
 0.9975432 
 3.793025E-02 
 0.5495204 
 5.399549E-02 
 0.6103335 
 0.1695299 
 0.4948093 
 0.4478651 
 0.9895156 
 0.5996106 
 0.7516865 
 0.2858762 
 0.8995548 
 0.8472762 
 0.32534 
 0.8649646 
 0.512143 
 0.2099512 
 0.8859968 
 0.4869493 
 0.9843236 
 2.900505E-02 
 0.972048 
 0.849157 
 0.2866166 
 0.2053778 
 0.4431738 
 0.685047 
 0.2811437 
 0.9652047 
 0.1834685 
 0.6548368 
 4.975301E-02 
 0.8754413 
 5.456537E-02 
 0.4861263 
 0.4721442 
 0.1094885 
 9.876174E-02 
 0.3645235 
 5.399352E-02 
 0.9628174 
 0.992144 
 0.5742692 
 5.078852E-03 
 0.6185946 
 0.7477128 
 0.3888618 
 0.5674046 
 0.163307 
 0.6685075 
 0.2116827 
 0.5933266 
 0.8523865 
 0.5507318 
 0.966621 
 0.3736776 
 0.6258357 
 0.1368784 
 0.7386988 
 0.7158914 
 0.8738523 
 0.818854 
 0.6646959 
 0.2721289 
 0.4524543 
 0.5911044 
 0.0737747 
 0.1174021 
 0.9491053 
 0.2537395 
 0.8781058 
 0.5777 
 0.1983387 
 0.8656582 
 0.2134923 
 0.3081127 
 4.738379E-02 
 0.4476735 
 0.3299953 
 0.6209572 
 0.3717897 
 0.9356374 
 0.7325586 
 6.390196E-02 
 0.3410511 
 0.3835661 
 0.5716339 
 0.248092 
 0.934233 
 0.4167647 
 0.2838057 
 0.9262739 
 0.7055955 
 0.9349524 
 0.4824163 
 0.3209208 
 0.8002193 
 6.538767E-02 
 9.819067E-02 
 0.7023574 
 0.2196302 
 0.3659927 
 0.7698618 
 0.2168849 
 0.3374245 
 0.278479 
 0.4847955 
 0.9649063 
 0.6648936 
 0.8314721 
 0.4696151 
 0.3290508 
 0.8666494 
 0.5936365 
 0.3308271 
 0.5522996 
 2.624893E-02 
 0.8768007 
 0.4454457 
 0.56611 
 0.1618197 
 0.1890826 
 0.6016177 
 6.854111E-02 
 0.9916844 
 0.9380137 
 0.889248 
 0.8523787 
 0.9499862 
 0.383665 
 0.8406242 
 0.3832598 
 0.4523134 
 0.8417713 
 0.8210417 
 0.6277984 
 0.4113247 
 0.1368565 
 0.6694287 
 0.1317096 
 2.374172E-03 
 0.3053586 
 0.5889713 
 0.3479355 
 0.679136 
 0.5487546 
 0.2877382 
 0.2147694 
 0.43923 
 0.4366857 
 0.3693062 
 0.9839814 
 0.3398459 
 0.3600821 
 0.9733847 
 0.2989431 
 0.2633691 
 0.2342879 
 0.6664411 
 0.5227526 
 0.9330051 
 0.4521865 
 0.5823253 
 0.3163596 
 0.1784048 
 8.732527E-02 
 0.8128954 
 0.4666904 
 0.4512894 
 0.3470406 
 4.864204E-02 
 0.9647728 
 0.5910754 
 0.275583 
 0.4693137 
 0.3338612 
 0.8404996 
 0.707242 
 0.8845419 
 0.2075616 
 0.1112442 
 0.4694712 
 0.1244656 
 0.1579564 
 0.4995615 
 0.8360133 
 0.6803569 
 0.7737299 
 5.189943E-02 
 0.230025 
 0.5952455 
 0.9882925 
 0.7805259 
 0.1772022 
 0.604544 
 0.6579066 
 0.9291544 
 0.5089046 
 0.526673 
 0.3898109 
 0.4885685 
 0.8152813 
 0.9036855 
 0.6203457 
 0.9622474 
 0.1483952 
 0.8918926 
 0.9430779 
 0.3819902 
 0.9753484 
 0.4024881 
 0.6869259 
 0.5735416 
 0.381407 
 0.4921738 
 0.7442849 
 0.6722167 
 0.5231261 
 3.78406E-03 
 0.6491514 
 0.8885255 
 0.331475 
 0.4569112 
 0.9052485 
 0.5237987 
 0.4649619 
 0.1885303 
 0.5641509 
 0.2358122 
 0.5127594 
 0.7436243 
 5.340987E-02 
 0.5544121 
 0.4478287 
 0.5158089 
 0.2546783 
 0.64714 
 0.3300454 
 0.6379577 
 0.8318356 
 0.3348577 
 0.259324 
 0.1228269 
 0.8091126 
 0.3573723 
 0.5787432 
 0.2536808 
 0.3992169 
 0.8890612 
 0.3276705 
 0.2249163 
 8.145767E-02 
 0.3044972 
 0.9448878 
 3.268826E-02 
 0.9298704 
 0.1940734 
 0.2217159 
 0.6155342 
 0.1913424 
 0.6296282 
 0.5051395 
 0.2449995 
 0.1137374 
 0.6800702 
 0.1509327 
 0.1662625 
 2.402073E-02 
 0.1770034 
 0.2267835 
 0.4887592 
 0.6563843 
 0.7303522 
 0.4654188 
 0.3268083 
 0.7303715 
 0.9939861 
 0.4677297 
 0.1902367 
 0.7790025 
 0.1813452 
 0.1558966 
 0.6250037 
 0.2268987 
 0.8310647 
 0.4765136 
 0.1038266 
 0.7184084 
 0.8226001 
 0.3537139 
 0.1668056 
 0.6957312 
 0.6418524 
 0.8922951 
 0.8120486 
 0.2270434 
 0.8967927 
 0.8308434 
 0.1362962 
 8.462292E-02 
 8.308744E-02 
 0.2448594 
 0.225547 
 7.297403E-02 
 0.5997236 
 0.4998826 
 0.2956823 
 0.6069527 
 1.463318E-02 
 0.4546167 
 8.309138E-02 
 0.5398915 
 0.5803187 
 0.9140543 
 0.4852961 
 0.2417246 
 0.9994779 
 0.3326022 
 0.4515764 
 0.9271124 
 0.4406288 
 0.7672061 
 0.1235946 
 0.2335673 
 0.8037348 
 8.047599E-02 
 0.2260214 
 4.957801E-02 
 0.2358296 
 0.3938107 
 0.7071599 
 0.5927349 
 0.8966422 
 0.7905232 
 0.6295711 
 0.7378548 
 0.9742219 
 0.2689657 
 0.3106989 
 0.5951062 
 0.9505634 
 0.9456541 
 0.7134949 
 0.3381341 
 0.1172316 
 0.5083937 
 8.704364E-02 
 0.2821851 
 0.3409867 
 0.9194037 
 0.8571874 
 0.2122324 
 7.940936E-02 
 0.3684425 
 0.7671512 
 0.9611006 
 0.6465254 
 0.4759323 
 0.2681681 
 0.2375911 
 0.728431 
 0.7460846 
 0.1601037 
 0.7046066 
 0.1489177 
 0.270025 
 0.4820815 
 0.3072765 
 0.8850973 
 0.6789178 
 0.653108 
 0.8510819 
 0.3330269 
 0.3470919 
 0.8626972 
 0.8299802 
 0.823334 
 0.8451647 
 0.7114962 
 0.5045305 
 0.3868413 
 0.6431682 
 0.1019098 
 0.2300184 
 0.7701919 
 6.367296E-02 
 0.3787254 
 3.458124E-02 
 0.7014742 
 0.484914 
 0.7197386 
 0.4473327 
 0.4058468 
 0.7939152 
 0.7763776 
 0.5764881 
 0.3711638 
 8.961457E-02 
 0.5643283 
 0.4374893 
 0.3635995 
 0.6359891 
 0.6041597 
 0.5311299 
 0.6932735 
 0.06518 
 0.3119484 
 0.6716798 
 0.7298758 
 0.8306174 
 0.6399039 
 6.501061E-02 
 0.6682916 
 0.9101455 
 0.9669935 
 0.6367205 
 0.5442264 
 0.7591476 
 0.2395672 
 0.6102591 
 0.4998312 
 0.5136711 
 0.3619829 
 0.3350528 
 0.2993271 
 0.4435524 
 0.8372315 
 0.3646293 
 9.463072E-02 
 0.6555421 
 0.6575614 
 0.7847431 
 0.4409788 
 4.642957E-02 
 0.445104 
 0.7915002 
 0.5625534 
 0.5061685 
 0.8424984 
 0.5194829 
 0.8681071 
 0.3710017 
 0.1535167 
 0.1198755 
 0.7165875 
 0.1265857 
 0.2336885 
 8.858854E-02 
 0.4327629 
 0.3611163 
 0.6309265 
 0.8443843 
 0.5728464 
 0.9684536 
 0.9761511 
 0.5570014 
 0.4401219 
 0.6012463 
 0.6239156 
 0.2252803 
 0.8505683 
 0.3740575 
 0.5430309 
 5.287945E-03 
 0.1484849 
 0.8164892 
 0.4571909 
 0.7884427 
 0.4721165 
 7.630748E-02 
 0.2355973 
 2.963954E-02 
 0.2692778 
 0.3725676 
 0.5335845 
 0.8253751 
 6.297922E-02 
 0.6987388 
 0.6832448 
 0.2418726 
 0.4670513 
 0.7758293 
 0.8340534 
 0.8932067 
 0.4517698 
 0.2555115 
 0.3434931 
 0.7694286 
 0.8594811 
 0.1732468 
 0.4176797 
 0.3146911 
 0.1702266 
 0.6514108 
 1.986623E-03 
 0.7553738 
 0.5173681 
 0.8524179 
 0.9216703 
 0.6782075 
 0.9532127 
 0.1818468 
 0.2724949 
 0.8583997 
 0.964638 
 0.7415652 
 6.135738E-02 
 0.3377596 
 0.2387166 
 3.285474E-02 
 0.0969125 
 0.7528227 
 0.6783416 
 0.9095363 
 0.1301979 
 0.9129763 
 0.6678514 
 0.7810947 
 0.2452589 
 0.6285842 
 0.5886548 
 6.580395E-02 
 0.4997739 
 0.7891117 
 0.5848556 
 0.8938519 
 0.8156787 
 0.6912506 
 0.5788782 
 6.046575E-02 
 0.1197923 
 0.6170445 
 0.5370922 
 0.2290365 
 0.7344414 
 0.6620134 
 0.9854376 
 0.3842444 
 1.808536E-02 
 0.8132787 
 0.7750497 
 0.5351836 
 0.2559415 
 0.2776888 
 9.788394E-02 
 0.6684875 
 0.8006099 
 5.994326E-02 
 0.7523413 
 0.9514534 
 0.4626986 
 0.7907184 
 0.6588929 
 0.1851677 
 0.1514481 
 0.804792 
 0.6257052 
 0.507631 
 0.7653571 
 0.4691685 
 0.3642652 
 0.3468828 
 0.3328069 
 0.7612038 
 0.7550049 
 0.6241266 
 0.4026867 
 9.673053E-02 
 0.3629267 
 0.2068552 
 0.6850184 
 0.4081827 
 0.2032285 
 0.6119754 
 0.9415818 
 0.4727209 
 0.7569282 
 0.9589328 
 0.1265396 
 0.4903575 
 0.2364893 
 0.1728374 
 0.7770621 
 0.9120811 
 0.1014454 
 0.4375882 
 0.6539525 
 0.5179821 
 0.8240256 
 0.898998 
 0.6322719 
 0.7453774 
 0.9047792 
 0.6179189 
 0.8419641 
 0.2669354 
 0.1382008 
 0.7733671 
 5.848086E-02 
 0.8188012 
 0.1283553 
 0.1156477 
 0.3434066 
 0.2787214 
 5.450296E-02 
 0.66948 
 0.9350835 
 0.9941691 
 0.6867244 
 0.6871223 
 0.3892368 
 0.3604689 
 0.6515455 
 0.8514969 
 0.9695994 
 0.6489223 
 0.9475625 
 0.7293152 
 0.2885369 
 8.493191E-02 
 0.7110667 
 0.4742028 
 0.197673 
 0.1761273 
 0.2316701 
 0.7798242 
 0.9285139 
 0.2904893 
 0.2179298 
 8.300799E-02 
 0.4830738 
 0.4844754 
 0.3129733 
 1.687187E-02 
 0.2744998 
 0.5811449 
 0.8601232 
 0.1139476 
 0.0176965 
 0.4982832 
 0.9185226 
 0.7593059 
 0.8699516 
 0.8265277 
 0.52876 
 0.3936817 
 0.8215605 
 0.657492 
 0.2284939 
 0.9665989 
 0.3364514 
 0.6618915 
 0.8180785 
 0.6394956 
 0.2428104 
 0.4176682 
 0.376188 
 0.7388486 
 0.8737062 
 0.9881154 
 0.5254421 
 0.9592993 
 0.4577156 
 0.7500032 
 0.9480307 
 0.8167776 
 0.7595481 
 0.4717031 
 0.1513391 
 0.351628 
 0.9706708 
 0.6413134 
 0.4835727 
 8.173364E-02 
 0.849934 
 4.478365E-02 
 0.3993826 
 0.2056419 
 0.1141955 
 0.5940402 
 0.9754899 
 5.568928E-02 
 7.894599E-02 
 0.4051109 
 0.676311 
 0.8011262 
 0.5489341 
 0.1262501 
 0.3695829 
 0.4012422 
 0.9587911 
 0.5160637 
 0.5919876 
 0.8084909 
 0.7636563 
 0.2716344 
 6.477761E-02 
 0.4216151 
 7.980144E-02 
 0.1066461 
 0.4594007 
 0.7887713 
 0.5752565 
 7.950956E-02 
 0.4131248 
 0.5606555 
 0.6104339 
 0.1714869 
 0.7946634 
 0.6936275 
 0.6287543 
 0.114817 
 0.2198002 
 0.9028363 
 0.7972707 
 0.47084 
 0.8170142 
 0.3653447 
 0.8972942 
 0.958123 
 0.2431047 
 0.6732549 
 0.4650186 
 3.058439E-02 
 0.9488163 
 3.683299E-02 
 0.1821457 
 0.7056192 
 0.694464 
 0.7376341 
 0.5165099 
 0.6422239 
 0.315558 
 0.8316275 
 0.6127034 
 0.4691218 
 0.7384288 
 0.1023216 
 0.4327015 
 0.3628874 
 0.2458525 
 0.2638885 
 0.1464869 
 0.8760722 
 0.9926751 
 0.4142899 
 0.7726754 
 1.532894E-02 
 0.7714381 
 0.7384011 
 6.914055E-02 
 0.569537 
 2.800345E-02 
 0.4611368 
 0.6736387 
 0.6879273 
 0.1271782 
 5.057544E-02 
 0.494434 
 0.7082074 
 0.8683398 
 0.6710848 
 0.3509234 
 0.2346864 
 0.251061 
 0.8864467 
 0.8642617 
 0.4664 
 0.4907348 
 0.6129817 
 0.5979866 
 0.7752352 
 0.2841997 
 0.3226749 
 0.4486433 
 0.534056 
 0.3253644 
 0.4963002 
 0.2864102 
 0.1948276 
 7.083273E-02 
 0.3265454 
 0.8457233 
 0.616742 
 0.7555292 
 0.6711378 
 0.8659014 
 0.6443425 
 0.6583233 
 0.2559683 
 0.4817711 
 0.9356492 
 0.617655 
 0.1282172 
 0.864292 
 4.028374E-02 
 0.7971597 
 0.3594787 
 0.1111814 
 0.7275942 
 0.7012928 
 0.998886 
 0.3875393 
 0.5647803 
 0.4409552 
 0.2762367 
 0.3164736 
 0.7450183 
 0.2491181 
 5.511707E-02 
 0.6197251 
 0.1655861 
 0.246448 
 0.5360276 
 8.292317E-03 
 0.7559879 
 0.4569318 
 0.2095079 
 0.3230566 
 5.607992E-02 
 7.350159E-02 
 0.0592615 
 0.9254071 
 4.419452E-02 
 0.9736598 
 1.528114E-02 
 0.3378657 
 0.2152658 
 0.4851041 
 0.6569735 
 0.1347123 
 0.9089544 
 0.4013526 
 0.1662845 
 8.260953E-02 
 0.8877726 
 0.2473688 
 0.5308239 
 0.5312277 
 0.1652091 
 0.7951863 
 0.9969906 
 5.387008E-02 
 8.385426E-02 
 0.8295341 
 0.7730977 
 0.3380977 
 0.6435249 
 0.1634614 
 0.9824972 
 0.3263544 
 7.938963E-02 
 0.9039631 
 0.8667051 
 0.6065918 
 0.6900933 
 0.9676039 
 0.2385268 
 5.289447E-02 
 0.9158826 
 0.8461442 
 0.1851813 
 0.7161046 
 0.6667307 
 0.6221645 
 2.142709E-02 
 0.9644474 
 0.9004622 
 0.2346907 
 0.4926865 
 0.8741556 
 0.4508784 
 0.9948189 
 0.2281708 
 0.8700951 
 0.1058822 
 0.3513408 
 0.4440057 
 0.6163894 
 0.935603 
 0.906368 
 0.8963556 
 0.1570448 
 0.8705216 
 0.6809578 
 8.454913E-02 
 0.3065754 
 0.5295957 
 0.6307375 
 0.704204 
 0.2906283 
 0.2983842 
 0.41153 
 0.350352 
 0.6366082 
 0.657173 
 0.3949783 
 0.4705638 
 0.3143028 
 0.7590991 
 0.9341707 
 0.5680744 
 0.1265074 
 0.2582763 
 0.879266 
 0.6549076 
 0.3496503 
 0.38792 
 0.3431182 
 0.9550015 
 0.6244174 
 0.288472 
 0.7169015 
 0.8573331 
 9.637773E-02 
 0.5857258 
 0.9357357 
 0.1190435 
 0.8066078 
 0.2189515 
 0.9943106 
 0.3185629 
 0.3323172 
 0.5190206 
 0.7125115 
 0.5587355 
 0.6774732 
 0.5365313 
 0.751044 
 0.4199447 
 0.4134258 
 0.6199332 
 0.877059 
 0.1632378 
 6.953299E-02 
 0.2436526 
 0.4797776 
 0.1834511 
 0.7737855 
 8.621746E-02 
 0.3361163 
 0.7123353 
 0.1434318 
 0.358382 
 0.626312 
 0.7716798 
 0.4256033 
 0.3812523 
 0.1995468 
 0.3764383 
 0.8879391 
 0.4144109 
 8.957314E-02 
 0.9878535 
 0.4592112 
 0.7340418 
 0.2803388 
 0.216582 
 0.6199495 
 0.9610556 
 0.7216117 
 0.7758197 
 0.5430664 
 0.6392146 
 0.5946054 
 0.6844265 
 0.4844824 
 6.325752E-02 
 0.8276036 
 0.7200512 
 0.4237508 
 0.3570247 
 0.8615851 
 0.1222569 
 0.9546825 
 0.8015831 
 0.6658494 
 0.5456457 
 0.4259714 
 0.4133511 
 3.641129E-03 
 0.2629835 
 0.3318192 
 0.7722238 
 0.9477751 
 0.6183257 
 0.9525603 
 9.969765E-02 
 0.6462617 
 0.7301413 
 0.2452871 
 0.5869959 
 0.3379314 
 0.4444389 
 0.9844745 
 0.9731932 
 0.6180601 
 0.5378906 
 0.1526057 
 0.3733409 
 0.953994 
 0.170958 
 0.5807961 
 0.3565918 
 0.4507747 
 0.5910165 
 0.8394195 
 0.2743252 
 0.8667638 
 8.548063E-02 
 0.3787321 
 0.8382722 
 0.8792686 
 0.1849291 
 0.9194981 
 0.9486402 
 0.6001666 
 0.1162295 
 9.361446E-02 
 0.7722383 
 0.3415303 
 0.5056636 
 0.334736 
 7.060224E-02 
 0.631253 
 0.3320522 
 1.890028E-02 
 0.7781191 
 0.478673 
 0.1298801 
 0.8551527 
 0.8301528 
 0.8901989 
 0.4424214 
 0.5261716 
 0.2411686 
 0.6349349 
 0.5248639 
 0.5788928 
 0.4328583 
 0.2603052 
 0.2974347 
 0.5651354 
 0.8122655 
 0.3576794 
 0.548525 
 0.4322258 
 0.5999101 
 7.799745E-02 
 0.3878149 
 0.1636237 
 0.9079137 
 0.8973947 
 0.9493987 
 0.6695462 
 6.812459E-02 
 0.6328266 
 0.3449096 
 0.9275936 
 0.2102423 
 0.7076941 
 0.866645 
 0.3733736 
 8.994323E-02 
 0.6674683 
 0.4406914 
 0.5411271 
 0.1670051 
 0.9453158 
 0.3300492 
 0.9543525 
 0.9334324 
 0.8777235 
 0.087758 
 0.2664312 
 0.491581 
 0.9701233 
 0.7600214 
 0.6512524 
 0.3822835 
 0.4125178 
 0.339332 
 0.443838 
 0.6629739 
 0.8451047 
 0.4675967 
 3.096783E-02 
 0.235813 
 0.3739021 
 0.3892612 
 0.9918045 
 0.4258128 
 0.8363733 
 0.1544353 
 0.4885184 
 0.8089622 
 0.3170521 
 7.201809E-02 
 0.9069127 
 0.2903515 
 0.9131675 
 0.4128224 
 0.7470485 
 0.4322975 
 0.7502687 
 0.3627004 
 0.7638696 
 3.246886E-02 
 0.2478504 
 0.2256681 
 0.3578278 
 0.9520105 
 0.6349776 
 0.8770308 
 0.2155074 
 0.1936689 
 0.7159104 
 0.4665076 
 0.2002507 
 0.2299173 
 0.8857296 
 0.3713569 
 0.492783 
 0.5810805 
 0.3959608 
 0.399501 
 0.9818369 
 0.6434596 
 0.8702004 
 0.2426514 
 0.9047784 
 0.7674575 
 6.973982E-02 
 0.1794335 
 0.7382308 
 0.5857037 
 0.9091909 
 2.851194E-02 
 0.3387007 
 0.591179 
 0.7221107 
 0.3517153 
 0.333202 
 0.9653409 
 0.7766268 
 0.9071612 
 0.7598819 
 0.6562486 
 4.106188E-02 
 0.3523814 
 0.958645 
 0.7066877 
 0.199559 
 0.1974468 
 0.711779 
 0.8322955 
 0.9177065 
 8.092105E-03 
 0.6345793 
 0.2496856 
 0.3581631 
 0.8588414 
 0.8159741 
 0.7545734 
 0.9462829 
 3.613251E-02 
 0.7091495 
 4.990083E-02 
 0.38574 
 0.9914426 
 0.2721742 
 0.3239613 
 0.9241543 
 0.5444128 
 0.3586251 
 7.852489E-02 
 0.8687155 
 0.3359732 
 0.3582114 
 0.2069631 
 0.351809 
 0.5314681 
 8.740056E-02 
 0.3223742 
 0.3466403 
 0.7737808 
 0.9300426 
 0.3357077 
 0.9328604 
 0.3864586 
 0.2279955 
 0.2838901 
 0.8121903 
 0.826838 
 0.9217499 
 0.407949 
 7.404661E-02 
 0.3891694 
 0.4410545 
 0.481139 
 0.2111661 
 0.1577424 
 0.8455404 
 0.3870659 
 0.385231 
 0.2100107 
 0.2153469 
 0.9478124 
 0.9424937 
 6.971687E-02 
 0.291746 
 2.06238E-03 
 0.1794019 
 0.4100177 
 0.3677675 
 0.7332266 
 0.3582237 
 6.608903E-03 
 0.4288238 
 0.2475672 
 0.9726725 
 0.9408504 
 0.5433356 
 0.4023231 
 0.2635319 
 5.289119E-02 
 0.5033559 
 0.8838344 
 0.9842811 
 0.6447942 
 0.7151958 
 0.5356682 
 0.4167192 
 0.4336614 
 0.3400491 
 0.9367428 
 0.636591 
 0.754759 
 0.6846176 
 0.2294534 
 2.921128E-02 
 1.464218E-02 
 0.8417357 
 0.1977964 
 5.509043E-02 
 0.3942801 
 0.5809957 
 0.595495 
 0.265559 
 0.8021812 
 0.4893726 
 0.724124 
 0.5683928 
 7.751769E-02 
 0.3618494 
 0.2612346 
 0.743438 
 0.4432511 
 0.8420419 
 0.3384796 
 0.2082362 
 0.2092568 
 0.3128234 
 0.8697384 
 3.364921E-02 
 0.7254495 
 3.695047E-02 
 0.129242 
 0.2094841 
 0.5849077 
 0.5476872 
 0.5796979 
 0.1601183 
 7.699913E-02 
 0.2894305 
 0.9504152 
 0.5101247 
 0.8905055 
 0.5083352 
 0.5654295 
 9.989619E-02 
 6.674761E-02 
 0.392939 
 0.9216281 
 0.2512712 
 0.2027103 
 0.4647871 
 0.5168746 
 0.2831585 
 0.9041676 
 0.2190579 
 0.9281345 
 0.2771621 
 0.4888074 
 1.518738E-02 
 0.1395996 
 9.320617E-02 
 0.9393567 
 0.2174944 
 0.1208134 
 0.6351604 
 0.1067068 
 0.5858055 
 0.6547959 
 0.3664649 
 0.1630377 
 0.9160804 
 0.4161687 
 7.575464E-02 
 0.3049437 
 0.9310361 
 0.29928 
 0.8924854 
 0.7065582 
 0.4207729 
 0.9963294 
 0.5525579 
 0.7226784 
 0.6333987 
 0.8254932 
 0.9139435 
 0.3418908 
 0.9156541 
 0.8090492 
 0.7223086 
 0.8896958 
 0.6035377 
 1.501858E-03 
 0.6266401 
 0.9816331 
 0.1629308 
 6.770712E-02 
 0.44487 
 0.7264063 
 0.5802227 
 0.1109975 
 0.6795008 
 0.1790079 
 2.93529E-03 
 0.7513071 
 0.2832303 
 4.384488E-02 
 0.6303483 
 0.4532965 
 0.6745765 
 0.6278629 
 0.8541244 
 0.1044779 
 3.502846E-03 
 4.367179E-02 
 0.648934 
 0.8433402 
 0.667043 
 0.6626706 
 0.2130803 
 0.1374736 
 0.0749259 
 0.8181722 
 0.8591243 
 0.1116951 
 0.6652009 
 0.7585286 
 0.1545099 
 0.1261731 
 0.1698627 
 0.8502561 
 0.3121887 
 0.6045526 
 0.1304762 
 3.115982E-02 
 0.8312453 
 0.1120802 
 0.6638017 
 0.5134589 
 0.3875219 
 0.683729 
 0.4774196 
 0.7369117 
 0.9742435 
 0.4023238 
 0.1353559 
 0.5719406 
 0.2926432 
 0.2266658 
 0.5737069 
 0.772757 
 0.3925866 
 6.965786E-02 
 0.8662639 
 0.6804864 
 0.5631973 
 0.1264294 
 0.2401388 
 0.1762933 
 0.4734815 
 0.4524613 
 0.3413887 
 0.8845064 
 0.5629536 
 0.7917112 
 0.7506411 
 0.6257433 
 0.6822604 
 0.654738 
 0.7487187 
 0.1200358 
 0.9838067 
 0.6468275 
 0.3322647 
 0.9399547 
 6.238019E-02 
 4.611689E-02 
 0.4793673 
 0.7137348 
 0.3457762 
 0.6317199 
 0.6651852 
 0.5784001 
 0.735423 
 0.7618518 
 0.6275725 
 0.8828885 
 0.4970065 
 0.7019547 
 0.3827035 
 0.1411771 
 0.4010957 
 0.2028218 
 0.4906979 
 0.2354071 
 0.1137673 
 0.3287233 
 0.5712454 
 0.8690085 
 0.8372306 
 0.5355306 
 6.923151E-02 
 0.2698256 
 0.2004529 
 0.9988421 
 0.2703617 
 0.1432418 
 0.3997844 
 0.1921073 
 0.5667868 
 0.8753044 
 0.589583 
 0.7147525 
 0.972728 
 0.9858498 
 0.5228394 
 0.3703056 
 0.8901019 
 0.8316285 
 0.4418021 
 0.494521 
 0.1241453 
 0.5594301 
 0.2186025 
 0.5335045 
 0.1490402 
 0.3092081 
 0.7458798 
 0.8718389 
 0.6235392 
 0.6672053 
 0.5774058 
 0.910708 
 0.15659 
 0.3690783 
 0.8187104 
 0.3960226 
 0.3229606 
 0.2530231 
 0.2677063 
 0.9965449 
 0.9288645 
 0.4628994 
 0.8053137 
 0.1320136 
 0.5275853 
 0.9013562 
 3.608596E-02 
 5.126911E-02 
 0.185102 
 0.9329564 
 0.1788341 
 0.1603783 
 0.4957139 
 0.3373021 
 0.2072519 
 0.6007596 
 0.8476658 
 0.5121595 
 0.2405411 
 0.077308 
 0.9387724 
 0.9265837 
 0.1840361 
 0.9365202 
 0.5420442 
 0.8240439 
 0.6198293 
 0.4946192 
 0.5213115 
 0.1755485 
 0.9473957 
 0.6156798 
 0.0968504 
 0.8827698 
 0.7742182 
 0.5397533 
 0.361007 
 0.2311692 
 0.5564126 
 0.9609924 
 4.382277E-02 
 0.5931222 
 0.4893523 
 0.3557766 
 0.5286596 
 0.3810434 
 0.6482939 
 0.5608369 
 0.1178246 
 0.2505113 
 0.3790013 
 0.6013806 
 0.5481951 
 0.5533938 
 0.9383715 
 0.7692171 
 0.756844 
 4.097241E-02 
 0.3850595 
 0.9508818 
 0.8966644 
 0.817068 
 0.7201027 
 0.205762 
 0.6019945 
 0.5411655 
 0.2775465 
 0.5942214 
 0.5042431 
 0.8815388 
 0.3650693 
 0.2557254 
 0.9975142 
 0.2183759 
 0.1546069 
 0.736966 
 0.2542322 
 0.5969037 
 0.8229784 
 0.5699864 
 0.4907665 
 0.9305136 
 0.9425102 
 0.1003068 
 0.4830573 
 0.4538855 
 0.121662 
 0.5650488 
 0.3322396 
 0.4261138 
 0.895651 
 0.4210604 
 0.4802692 
 8.383173E-02 
 0.8670772 
 0.9230414 
 0.9755468 
 0.8443367 
 9.654868E-02 
 0.9516681 
 0.9885437 
 0.7587151 
 0.743306 
 9.171826E-02 
 0.5774264 
 0.2149674 
 0.9558479 
 0.9601963 
 0.7036817 
 0.8911332 
 1.255548E-02 
 0.7844582 
 0.4977417 
 0.9584162 
 0.7123181 
 0.2303365 
 0.7746089 
 0.5343089 
 1.515758E-02 
 0.4802652 
 0.7994809 
 0.385718 
 0.9328538 
 0.561405 
 0.303376 
 0.8820896 
 0.6695694 
 0.9237681 
 0.7487574 
 0.1985332 
 1.247466E-02 
 0.2683433 
 0.8451588 
 0.768948 
 0.9723729 
 0.6252208 
 0.3148093 
 0.9891469 
 0.6743251 
 0.6817177 
 0.9082582 
 0.1699819 
 0.4982752 
 0.3605023 
 0.6700001 
 0.7404692 
 0.4696747 
 0.6477197 
 0.4540999 
 0.7009138 
 0.9001082 
 0.6711164 
 0.6898179 
 0.3260352 
 0.277918 
 2.816564E-02 
 0.3972347 
 0.1180915 
 0.4088291 
 0.3641921 
 0.4528761 
 1.000518E-02 
 0.8065745 
 0.200497 
 0.1053383 
 0.8184876 
 0.3335198 
 1.248318E-02 
 0.7409129 
 0.9471642 
 9.128869E-02 
 0.5577801 
 0.8992116 
 0.3396997 
 0.5613874 
 0.4543687 
 0.5387917 
 0.6829225 
 0.9958302 
 8.706391E-03 
 0.5527804 
 0.8599505 
 5.776393E-02 
 0.2938524 
 0.5345006 
 0.6533152 
 0.7120935 
 0.4775923 
 0.7930954 
 0.6980876 
 0.3661064 
 0.4005633 
 0.619153 
 0.6850025 
 0.2600981 
 0.4043792 
 0.8003323 
 0.8135838 
 0.1079968 
 0.4097553 
 0.3869872 
 0.4952695 
 0.9879886 
 0.2446335 
 0.707792 
 0.3065366 
 0.4831423 
 0.2223073 
 0.6353664 
 0.1920263 
 7.203448E-02 
 0.9695466 
 0.1019003 
 0.9176688 
 0.7693747 
 0.5047231 
 0.864779 
 0.7738082 
 1.663029E-02 
 0.565935 
 0.522208 
 0.5283279 
 0.8226513 
 0.1891318 
 0.7788382 
 0.6297752 
 0.1542956 
 0.5362399 
 0.9613907 
 0.6604866 
 0.5770539 
 0.9732872 
 0.7842822 
 3.971261E-02 
 0.1456748 
 0.3985279 
 0.3652494 
 0.9767427 
 0.5447897 
 0.8205681 
 0.4909744 
 0.6740305 
 0.4795376 
 0.1864904 
 0.1327097 
 0.7803187 
 0.3161906 
 0.4599786 
 0.2119031 
 9.376401E-02 
 0.9727784 
 0.9494436 
 0.6158226 
 0.5150623 
 5.971372E-02 
 0.8861476 
 0.4631815 
 0.2505733 
 0.2704169 
 0.2523292 
 0.6197636 
 0.2654461 
 2.194107E-02 
 0.8593288 
 0.4640479 
 0.9867436 
 0.3455974 
 0.6757134 
 0.9028337 
 0.2565679 
 2.757967E-02 
 0.4054013 
 0.6368656 
 0.535185 
 0.9995896 
 0.3157876 
 0.6764586 
 0.3541502 
 0.9794616 
 0.3158689 
 0.1071229 
 1.943272E-02 
 0.3617879 
 0.2843683 
 0.1051891 
 0.5645408 
 0.3585438 
 0.6478606 
 0.203433 
 0.9536468 
 0.389712 
 0.2088969 
 0.8067009 
 0.5347123 
 0.7239083 
 0.2241302 
 0.9575343 
 0.7426125 
 0.3690063 
 0.7324398 
 0.351795 
 5.226225E-02 
 0.2127622 
 0.1330567 
 0.60429 
 0.18174 
 0.4134403 
 1.368839E-02 
 0.7643969 
 0.5454134 
 4.043758E-02 
 0.228644 
 0.0816884 
 0.9570643 
 0.9649087 
 0.226959 
 2.155757E-02 
 0.5830135 
 3.913641E-04 
 0.6305209 
 0.5308428 
 0.1452457 
 0.2934309 
 6.219321E-02 
 0.5534527 
 0.374535 
 0.9642056 
 0.2239414 
 0.7959914 
 0.7135693 
 0.9971515 
 0.2249573 
 0.7433832 
 0.2700757 
 0.3815874 
 0.1597844 
 0.9244976 
 1.994532E-02 
 0.50234 
 0.9364427 
 0.4277747 
 0.2603583 
 0.7803687 
 0.3545538 
 0.6668496 
 0.3129088 
 0.5633909 
 0.4334658 
 0.396178 
 0.4767303 
 0.2665066 
 0.9903784 
 0.9766607 
 0.23162 
 0.7628237 
 0.468468 
 0.891269 
 0.6911644 
 2.408302E-02 
 1.501232E-02 
 0.5106692 
 0.305864 
 1.128304E-02 
 0.8095158 
 0.1088483 
 0.8162584 
 0.8153051 
 0.6418343 
 0.1287384 
 0.4560511 
 0.0475384 
 0.7403005 
 0.6978419 
 0.4052348 
 0.4805049 
 0.8498483 
 0.3938565 
 0.4932162 
 0.9384843 
 0.5601385 
 0.2603004 
 0.1519412 
 0.4381393 
 0.8836833 
 7.213688E-02 
 0.6190197 
 0.5791403 
 8.397132E-02 
 0.8513997 
 0.3908505 
 0.1847905 
 0.753593 
 0.6328177 
 0.9257466 
 0.1926509 
 0.1423653 
 0.4794405 
 0.5970601 
 0.7951654 
 0.7354565 
 0.7482624 
 0.8963072 
 0.8302857 
 0.0815118 
 0.6058486 
 0.8862929 
 0.4220961 
 0.8707777 
 0.7939591 
 0.9042365 
 0.8714391 
 0.2632273 
 0.6451747 
 0.5148963 
 0.7965397 
 0.4666854 
 0.3485212 
 0.7136948 
 0.5236307 
 0.5649531 
 0.4650948 
 0.3798432 
 0.727578 
 0.5959335 
 0.693687 
 0.9794671 
 0.3225051 
 0.8797558 
 0.8864095 
 0.5187311 
 0.6024183 
 0.596901 
 0.3143196 
 0.7469637 
 0.6318318 
 0.6163266 
 0.1830447 
 0.6097826 
 0.8863925 
 0.5735918 
 0.3984075 
 0.9522197 
 0.1435052 
 0.1989821 
 0.582051 
 0.4718456 
 0.6229576 
 0.8956347 
 0.3370638 
 0.9218952 
 0.377545 
 0.5676635 
 0.7636044 
 0.5643925 
 0.9336957 
 0.6982837 
 0.2245269 
 0.8732755 
 0.1820956 
 0.6779373 
 0.3610055 
 0.4875211 
 0.5183138 
 0.3824177 
 0.35816 
 0.4142706 
 0.2334267 
 9.949803E-04 
 0.4606802 
 0.481954 
 0.1546439 
 0.1145406 
 0.7384515 
 4.341573E-02 
 0.5359327 
 2.365285E-02 
 0.1021793 
 0.9290389 
 0.1986431 
 0.3267813 
 0.5690145 
 0.6498711 
 0.9221331 
 0.7483523 
 0.7781785 
 0.8507485 
 8.439338E-02 
 0.2168937 
 0.7565875 
 1.342171E-02 
 0.5526725 
 0.1931599 
 0.9344785 
 0.4096803 
 0.8241018 
 0.2482567 
 0.4110336 
 0.3044779 
 0.4163204 
 0.8917668 
 0.4700053 
 0.4090571 
 0.5081004 
 0.6498743 
 0.3453412 
 0.5840747 
 0.8299714 
 0.3934897 
 0.2368095 
 0.7927265 
 0.8048462 
 0.9163752 
 0.5756235 
 0.3038723 
 0.938645 
 0.7632697 
 0.540067 
 0.1451611 
 0.4609212 
 0.3080135 
 0.8211188 
 0.8061559 
 0.2154857 
 8.167344E-02 
 0.6380785 
 0.1914586 
 0.8010324 
 0.350668 
 4.190445E-03 
 0.8238356 
 0.961763 
 0.9448922 
 0.2422698 
 0.2973418 
 0.228012 
 0.3358427 
 0.7503266 
 0.9804465 
 0.8068715 
 0.9647425 
 1.719165E-02 
 0.9691581 
 0.7228168 
 0.8206664 
 0.8881407 
 0.2901489 
 0.2083308 
 0.2686656 
 8.051991E-02 
 0.3538803 
 0.344529 
 0.127893 
 0.9493709 
 0.6577279 
 0.9517852 
 0.999728 
 0.5030553 
 0.7391061 
 0.7303556 
 0.8459015 
 0.6688805 
 0.3785936 
 0.6510044 
 0.8166211 
 0.8087237 
 5.305809E-02 
 0.5956286 
 0.3286958 
 0.4846578 
 0.6387812 
 0.247883 
 0.3936613 
 0.4745758 
 0.3645839 
 0.2338051 
 0.1959048 
 3.781605E-02 
 1.495093E-02 
 0.5124403 
 0.92079 
 0.4307873 
 0.3831562 
 1.646698E-02 
 0.8327823 
 0.6725936 
 0.9743878 
 0.542821 
 0.6035736 
 0.5606592 
 0.9588727 
 0.8933214 
 0.8902074 
 0.9363537 
 0.3750021 
 0.2652947 
 0.1632035 
 0.2006171 
 0.5824561 
 0.8922004 
 0.7846838 
 0.0795846 
 0.9653289 
 0.9342557 
 0.3364962 
 0.6402118 
 0.8852538 
 0.6190609 
 0.1983405 
 0.5558996 
 0.8845283 
 0.6322237 
 0.3758929 
 0.6221192 
 0.1392388 
 0.757985 
 0.5789314 
 0.522037 
 0.1623856 
 0.7698432 
 0.5494602 
 0.84214 
 0.7570085 
 0.5711797 
 0.6398354 
 0.3378601 
 0.2193109 
 0.5858837 
 0.6408895 
 0.4491999 
 0.7917857 
 0.3989772 
 0.8600565 
 6.635714E-02 
 0.3663394 
 0.6472398 
 0.449497 
 0.5453498 
 0.4374179 
 0.1598343 
 0.9842234 
 0.9736414 
 0.3051311 
 0.348931 
 0.2902244 
 0.6857655 
 0.528378 
 0.8503331 
 0.5225902 
 2.895117E-02 
 0.6279714 
 0.4141017 
 0.4936379 
 0.3787477 
 3.976339E-02 
 4.518068E-02 
 0.2510357 
 0.4046497 
 0.3177702 
 0.3940216 
 0.9059289 
 0.5857222 
 0.5872969 
 0.397209 
 0.7110639 
 0.9762254 
 0.2480628 
 0.1680852 
 0.3889139 
 0.2212398 
 0.9273261 
 0.1373752 
 0.7098036 
 0.8222914 
 0.6830093 
 0.443812 
 0.3200343 
 0.6529763 
 0.4568238 
 0.5747613 
 0.8200088 
 0.724586 
 0.777395 
 0.2568465 
 0.0923565 
 0.2017324 
 0.7133874 
 0.5965742 
 0.8800583 
 0.6679726 
 7.662982E-02 
 0.4709584 
 0.6145719 
 0.641434 
 0.8752398 
 0.168146 
 0.4939561 
 0.3404393 
 1.674908E-02 
 0.278042 
 0.8109968 
 0.6991317 
 0.2612285 
 0.8329338 
 0.5313311 
 0.6330996 
 0.4244129 
 0.6981169 
 0.1215728 
 0.5550015 
 0.8308262 
 0.2125195 
 0.6274372 
 0.1401916 
 1.690644E-02 
 0.0793277 
 1.866162E-03 
 0.342344 
 0.6841306 
 0.5066103 
 0.6831532 
 0.6590786 
 0.9021398 
 0.5979439 
 0.4230683 
 0.6475852 
 0.5618643 
 0.9930381 
 0.3649831 
 0.690249 
 7.864827E-02 
 0.75836 
 0.3719957 
 0.0102756 
 0.345375 
 0.5277599 
 0.6050559 
 0.9373159 
 0.9355919 
 0.8930956 
 0.3510898 
 0.4230912 
 0.5566353 
 4.485786E-02 
 0.1011253 
 0.8070178 
 0.7527558 
 0.6627952 
 0.8784168 
 0.8318326 
 0.8582429 
 5.653894E-02 
 0.8165703 
 0.9092178 
 0.2005503 
 0.5562283 
 0.9876683 
 0.6354258 
 0.5534205 
 0.1531352 
 0.4803949 
 0.5569043 
 0.8400103 
 0.3902894 
 0.7281607 
 0.1859214 
 8.601564E-02 
 0.5031036 
 8.722788E-02 
 0.2661905 
 0.6227962 
 0.8099982 
 0.6648353 
 0.2884953 
 0.5405011 
 0.3530263 
 0.3973232 
 0.2563148 
 0.3911931 
 0.788499 
 0.3782585 
 0.7014482 
 0.1419744 
 0.5276102 
 0.4365597 
 0.9496403 
 0.3781111 
 0.1270615 
 0.9646218 
 0.6362059 
 0.7561583 
 0.9296874 
 0.9964414 
 0.4716554 
 0.7070853 
 0.9550802 
 0.5357416 
 0.2573192 
 0.3894004 
 0.0402149 
 0.1340972 
 0.1509733 
 0.892276 
 0.2300745 
 0.7190593 
 0.1824639 
 0.6886734 
 0.4182748 
 0.6722808 
 1.933241E-02 
 0.3384683 
 0.2376891 
 0.1576412 
 0.9824407 
 0.441575 
 0.201074 
 0.6993714 
 0.3115959 
 0.8410723 
 9.169352E-02 
 1.017886E-02 
 0.6811755 
 7.632774E-02 
 0.6039447 
 6.937271E-02 
 0.9657521 
 8.612317E-02 
 0.2339822 
 0.4509886 
 0.2557189 
 0.1617793 
 0.4203438 
 0.9019137 
 0.1229143 
 0.1502811 
 0.9345747 
 0.1700118 
 0.1362469 
 0.9074025 
 0.5218533 
 8.224827E-02 
 0.6273208 
 8.31306E-04 
 0.7916156 
 0.872815 
 0.7060602 
 0.6632947 
 0.3581804 
 0.7612553 
 0.5263348 
 0.9956838 
 0.2313744 
 0.7805894 
 0.8015845 
 0.4201788 
 0.457157 
 0.8554388 
 0.5704446 
 0.3833739 
 8.245587E-03 
 0.1301516 
 0.2123706 
 0.3094024 
 0.9247402 
 0.5469275 
 0.7132635 
 0.8030617 
 0.7047487 
 0.6739429 
 0.1810944 
 0.1029381 
 0.945012 
 0.7834755 
 0.6115298 
 0.7845322 
 0.2315284 
 0.1800297 
 0.9035566 
 0.7133836 
 0.2801794 
 0.7784615 
 0.1251068 
 0.2481958 
 0.3273541 
 0.9321035 
 2.868295E-02 
 0.6939616 
 0.7705745 
 0.5108896 
 0.8169827 
 5.087554E-03 
 0.0591203 
 0.2294806 
 0.1585243 
 0.7385196 
 0.8346542 
 0.2253886 
 0.4532709 
 0.2568676 
 0.3218466 
 0.8871024 
 0.3482563 
 0.1815304 
 0.9690007 
 0.9322124 
 0.5032096 
 9.582108E-02 
 0.3386775 
 0.7355354 
 0.60618 
 0.4980916 
 0.2483209 
 0.90724 
 0.6391621 
 4.858196E-03 
 0.1608826 
 0.120971 
 0.3937209 
 0.8039259 
 0.825447 
 0.1919752 
 0.2366166 
 0.3575141 
 0.1678563 
 0.4052256 
 0.1254299 
 0.355381 
 0.4313358 
 9.354693E-02 
 0.8741865 
 0.9179489 
 0.5671183 
 0.4657405 
 0.6689827 
 4.942936E-02 
 0.8750695 
 0.6847091 
 0.8336101 
 0.3409478 
 0.894313 
 0.1955822 
 0.8451803 
 0.9236688 
 0.5438551 
 0.3038407 
 0.5997505 
 0.671921 
 0.5132099 
 3.442109E-03 
 0.9279482 
 0.6563219 
 0.9030246 
 5.494553E-02 
 0.3605962 
 0.8469035 
 0.1157037 
 0.3136366 
 0.1443374 
 6.623644E-02 
 0.996035 
 0.3076525 
 0.5072603 
 0.1925556 
 0.2218138 
 6.610709E-02 
 0.1745236 
 0.6128849 
 0.9444684 
 0.1972156 
 0.1339812 
 0.9261624 
 0.6796848 
 0.21642 
 0.6518075 
 0.8963651 
 0.4480318 
 0.1245137 
 0.5381222 
 0.6556341 
 0.1655861 
 0.2357667 
 0.6626151 
 0.1573996 
 0.2845572 
 0.2560506 
 0.7201715 
 0.8795058 
 0.6839124 
 0.6109636 
 0.2464969 
 0.7773361 
 0.8100017 
 0.0239554 
 0.8837423 
 0.4869377 
 6.718314E-02 
 0.3444522 
 0.8961289 
 0.7781472 
 0.4584473 
 0.6259819 
 0.9355731 
 0.2577149 
 0.4760429 
 0.4542988 
 5.731177E-02 
 0.3224306 
 0.2421011 
 0.5255089 
 0.985527 
 0.3622476 
 0.8992611 
 0.4741948 
 0.6289713 
 0.2134089 
 0.251295 
 0.9515405 
 0.8465924 
 0.861571 
 0.6537324 
 0.9534567 
 0.4631584 
 0.3949298 
 0.1544861 
 0.3987055 
 0.5348825 
 0.2073452 
 0.8844763 
 0.9570258 
 0.8650486 
 0.451466 
 0.6982564 
 0.1272579 
 0.7696357 
 0.7418553 
 0.0646373 
 0.5654686 
 9.294295E-02 
 0.1081151 
 0.2073129 
 0.6630765 
 0.4732151 
 0.1980116 
 0.4954849 
 0.3749765 
 0.8582671 
 0.7305998 
 0.0844878 
 0.2976652 
 0.2711091 
 0.1993491 
 0.8064138 
 0.9973658 
 0.8255718 
 0.8252677 
 0.310738 
 0.5881529 
 0.991931 
 0.7600281 
 0.4549433 
 0.560078 
 0.1125329 
 0.5390915 
 0.9451455 
 0.8572937 
 0.167419 
 0.7848336 
 0.2267181 
 0.2061794 
 0.7899511 
 0.1596689 
 0.6249174 
 0.6934662 
 0.5324364 
 0.5691759 
 0.7355076 
 0.5943616 
 0.3817523 
 0.6152224 
 0.0653857 
 0.4506746 
 0.5249715 
 0.2990901 
 0.9232064 
 0.3989409 
 0.3649871 
 0.9745998 
 0.5600075 
 0.7485476 
 0.7861376 
 0.5512363 
 0.5598341 
 0.8098586 
 0.6698315 
 0.9472737 
 0.4803647 
 0.9723392 
 0.6601729 
 0.7928998 
 0.7435352 
 3.268129E-02 
 0.1795862 
 0.3833417 
 0.7761644 
 0.7729283 
 0.6944408 
 0.8819906 
 0.4005791 
 0.7886003 
 0.2306769 
 0.7735266 
 0.4752387 
 0.5668188 
 0.1394296 
 0.567044 
 0.7853605 
 0.814432 
 0.1126544 
 0.749176 
 0.1835445 
 3.613955E-02 
 0.4487524 
 0.98722 
 0.9803988 
 0.3626178 
 0.5681946 
 0.5822625 
 0.585164 
 0.6286445 
 0.7791476 
 0.1723039 
 0.3963386 
 0.7012241 
 0.2930982 
 0.6853837 
 0.942304 
 5.771261E-02 
 0.4904785 
